0
89736
179463
191414
197141
216963
237120
256903
276984
296676
316915
350479
400518
459389
508113
565411
642041
813362
935567
1020045
1193112
1314142
1404795
1621424
1797630
1925582
2025203
2042914
2059756
2161847
2332500
2360357
2387704
2438358
2456788
2499535
2554498
2585663
2604113
2616272
2628432
2640592
2652751
2664911
2677069
2689225
2701385
2713545
2725705
2737865
2750025
2762185
2774346
2786506
2798666
2810825
2822986
2835145
2847305
2859465
2871625
2883785
2895943
2908103
2920265
2932425
2944585
3039169
3133655
3230466
3329184
3424458
3520055
3615544
3712153
3806748
3905254
4075904
4170089
4269993
4364686
4461923
4552293
4650008
4742563
4839394
4936282
5033157
5126514
5223028
5317357
5411407
5505398
5602590
